version https://git-lfs.github.com/spec/v1
oid sha256:95a5513817abc7480457d2b8c40551c0123221586eb6d0654f666d1b60426068
size 24147
